0 0.5230952380952381 0.671031746031746 0.24095238095238095 0.6580158730158729
0 0.9646825396825397 0.11396825396825397 0.07071428571428572 0.22801587301587303
0 0.8917460317460317 0.11182539682539683 0.08373015873015874 0.22365079365079366
0 0.7200793650793651 0.16666666666666666 0.10674603174603174 0.2583333333333333
0 0.6334920634920634 0.1392857142857143 0.075 0.22365079365079366
0 0.4826984126984127 0.11976190476190476 0.12261904761904761 0.20492063492063492
0 0.3188888888888889 0.10031746031746032 0.05769841269841269 0.14865079365079364
0 0.1926190476190476 0.17023809523809524 0.18325396825396825 0.24246031746031746
0 0.04690476190476191 0.2034920634920635 0.07650793650793651 0.18761904761904763
0 0.08944444444444444 0.5634920634920635 0.16452380952380952 0.5411111111111112
0 0.3585714285714286 0.30444444444444446 0.09087301587301587 0.4126984126984127
0 0.2929365079365079 0.5656349206349206 0.25396825396825395 0.5973809523809523
0 0.766984126984127 0.277063492063492 0.16595238095238096 0.34634920634920635
0 0.8146031746031747 0.4631746031746032 0.266984126984127 0.46753968253968253
0 0.8225396825396826 0.6558730158730158 0.3520634920634921 0.5844444444444444
0 0.8953968253968253 0.7518253968253968 0.2092063492063492 0.4964285714285714
0 0.525952380952381 0.24603174603174602 0.10531746031746031 0.21785714285714286