0 0.7114285714285714 0.5028571428571429 0.075 0.1803968253968254
0 0.6384920634920636 0.5858730158730158 0.10825396825396826 0.09523809523809523
0 0.5375396825396825 0.6356349206349207 0.08515873015873016 0.16015873015873017
0 0.47690476190476194 0.6486507936507937 0.08801587301587302 0.1457142857142857
0 0.28134920634920635 0.5996031746031746 0.08373015873015874 0.14
0 0.07722222222222222 0.7604761904761904 0.09380952380952381 0.13277777777777777
0 0.3520634920634921 0.6680952380952382 0.11833333333333333 0.18761904761904763
0 0.44587301587301587 0.595952380952381 0.11253968253968254 0.17896825396825397
0 0.7157142857142857 0.7135714285714285 0.06349206349206349 0.08801587301587302
0 0.8542857142857143 0.7257936507936508 0.17023809523809524 0.09523809523809523
0 0.7352380952380952 0.6486507936507937 0.09087301587301587 0.09960317460317461